01 0       00:30:47.340 ch01 (0, 302.861, 697.642, 1140.8)
02 1847.34 00:29:50.590 ch02 (1847.34, 2456, 3077)
03 3637.93 00:31:37.120 ch03 (3637.93, 4396.33)
04 5535.05 00:30:49.910 ch04 (5535.05, 6128.16, 6507.92, 6866.14)
05 7384.96 00:30:19.610 ch05 (7384.96, 8754.34)
06 9204.57 00:29:29.630 ch06 (9204.57, 9722.02, 10205.8, 10642.3)
07 10974.2 00:26:38.500 ch07 (10974.2, 11371.4, 11889.8)
08 12572.7 00:30:36.500 ch08 (12572.7, 13006.5, 13491.9, 13865.6)
09 14409.2 00:24:47.700 ch09 (14409.2, 14795.8, 15161.1, 15524.8)
10 15896.9 00:29:38.600 ch10 (15896.9, 16211.5, 16511.7, 16865.5, 17203.9)
11 17675.5 00:24:45.100 ch11 (17675.5, 17983.9, 18327.4)
12 19160.6 00:26:58.300 ch12 (19160.6, 19648.9, 19964.5, 20389.8)
13 20778.9 00:22:34.900 ch13 (20778.9, 21220.9)
14 22133.8 00:30:23.200 ch14 (22133.8, 22498.8, 22807.5, 23416.6)
15 23957   00:16:03.160 ch15 (23957, 24262.5, 24577.2)
