01 0       00:22:03.800 ch01 (0, 708.089)
02 1323.8  00:31:16.620 ch02 (1323.8, 1636.15, 2010.13, 2328.15)
03 3200.42 00:24:46.130 ch03 (3200.42, 3594.97, 3896.64, 4297.95)
04 4686.55 00:36:04.310 ch04 (4686.55, 5033.52, 5461.58, 5853.28, 6195.35)
05 6850.86 00:34:36.150 ch05 (6850.86, 7193.17, 7819.48, 8137.39)
06 8927.01 00:28:01.090 ch06 (8927.01, 9277.55, 9740.98, 10072.3)
07 10608.1 00:24:41.400 ch07 (10608.1, 10948.5, 11326.2, 11628.1)
08 12089.5 00:23:39.400 ch08 (12089.5, 12390.2, 12702, 13040.3)
09 13508.9 00:28:24.500 ch09 (13508.9, 13830.3, 14504.8, 14907.1)
10 15213.4 00:25:54.200 ch10 (15213.4, 15633.6, 16021.2, 16397.8)
11 16767.6 00:22:42.500 ch11 (16767.6, 17205.8, 17541.7)
12 18130.1 00:31:46.300 ch12 (18130.1, 18472.2, 18818.9, 19171, 19580.1)
13 20036.4 00:27:34.500 ch13 (20036.4, 20490.2, 20849.4, 21166)
14 21690.9 00:23:26.800 ch14 (21690.9, 22024.3, 22359.7, 22780.9)
15 23097.7 00:30:31.400 ch15 (23097.7, 23584.4, 23907.1, 24273.6)
16 24929.1 00:37:40.300 ch16 (24929.1, 25362.8, 25666, 25973.8, 26288.3, 26685.4)
17 27189.4 00:31:33.600 ch17 (27189.4, 27662.3, 28022, 28511.3)
18 29083   00:15:45.800 ch18 (29083, 29436.1)
19 30028.8 00:39:22.600 ch19 (30028.8, 30391.7, 30965.2, 31625.4, 32075.7)
20 32391.4 00:30:11.400 ch20 (32391.4, 32810.3, 33261.9, 33590)
21 34202.8 00:29:48.600 ch21 (34202.8, 34647, 34968.1, 35288.6)
22 35991.4 00:31:38.200 ch22 (35991.4, 36429.4, 36928.4, 37328.3)
23 37889.6 00:31:50.700 ch23 (37889.6, 38232.4, 38545.9, 38940.7)
24 39800.3 00:33:19.700 ch24 (39800.3, 40141, 40664.3, 40981.8)
25 41800   00:32:09.300 ch25 (41800, 42169.6, 42656.6, 43303.6)
26 43729.3 00:35:50.900 ch26 (43729.3, 44124, 44505.6, 44850.3, 45166.6)
27 45880.2 00:34:26.100 ch27 (45880.2, 46315.7, 46669.5, 47165.6, 47610.7)
28 47946.3 00:42:46.100 ch28 (47946.3, 48522.4, 48840.9, 49307.6, 49691.8, 50034.9)
29 50512.4 00:30:23.530 ch29 (50512.4, 50928.8, 51230.1, 51554.6, 51903.9)
