01 0       00:39:14.760 ch01 (0, 372.998, 704.118, 1029.93, 1565.01, 1874.57)
02 2354.76 00:27:33.800 ch02 (2354.76, 2880.72, 3309.53)
03 4008.56 00:26:53.610 ch03 (4008.56, 4331.81, 4677.25, 5054.89)
04 5622.17 00:37:46.180 ch04 (5622.17, 6062.33, 6633.81, 6967.56, 7324.43)
05 7888.35 01:04:27.150 ch05 (7888.35, 8315.56, 8770.93, 9215.87, 9554.38, 9891.4, 10257.4, 10635, 10943.1, 11265.6)
06 11755.5 00:55:45.900 ch06 (11755.5, 12130, 12550.9, 13024.3, 13470.1, 13881.6, 14184, 14515.8)
07 15101.4 00:23:51.000 ch07 (15101.4, 15456.7, 15811.6)
08 16532.4 00:25:25.300 ch08 (16532.4, 17336.5, 17697)
09 18057.7 00:16:45.200 ch09 (18057.7)
10 19062.9 00:31:30.000 ch10 (19062.9, 19548.3, 19967.6, 20338.5)
11 20952.9 00:48:10.600 ch11 (20952.9, 21288.6, 21628.6, 22197.2, 22712.8, 23076.8)
12 23843.5 00:43:03.500 ch12 (23843.5, 24261.9, 24739.7, 25135.4, 25594.2, 25979.2)
13 26427   00:24:24.600 ch13 (26427, 26736.7, 27080.7, 27394.5)
14 27891.6 00:35:02.000 ch14 (27891.6, 28431.4, 28825.1, 29360.4)
15 29993.6 00:35:24.900 ch15 (29993.6, 30340.3, 30719.1, 31169.7, 31471.9, 31785.1)
16 32118.5 00:52:32.600 ch16 (32118.5, 32515.9, 33203, 33520, 34026.1, 34505.4, 34886.8)
17 35271.1 00:33:51.300 ch17 (35271.1, 36179, 36641.6)
18 37302.4 00:44:34.600 ch18 (37302.4, 37785.2, 38117.8, 38446.7, 38922.8, 39274.1)
19 39977   00:25:19.100 ch19 (39977, 40359.5, 40738, 41088.4)
20 41496.1 00:46:21.200 ch20 (41496.1, 41881.1, 42432.4, 42844.8, 43240.3, 43587.5)
21 44277.3 00:26:12.170 ch21 (44277.3, 44598.4, 45060.7, 45440.9)
