01 0       00:30:17.440 ch01 (0, 387.605, 708.649, 1030.35, 1513.81)
02 1817.44 00:28:33.710 ch02 (1817.44, 2230.76, 2532.87, 2854.67, 3218)
03 3531.15 00:30:49.290 ch03 (3531.15, 3850.53, 4202.5, 5009.96)
04 5380.44 00:30:10.720 ch04 (5380.44, 5714.62, 6125.77, 6456.3, 6760.93)
05 7191.16 00:37:45.740 ch05 (7191.16, 7531.21, 7855.86, 8361.94, 8701.51, 9054.37)
06 9456.9  00:29:02.700 ch06 (9456.9, 9817.74, 10135.5, 10439.3, 10819.4)
07 11199.6 00:33:59.200 ch07 (11199.6, 11544.3, 11860.7, 12301)
08 13238.8 00:42:42.000 ch08 (13238.8, 13599.4, 14043.2, 14481.2, 14923.1, 15307.8)
09 15800.8 00:28:38.400 ch09 (15800.8, 16124.9, 16452.2, 17003.5)
10 17519.2 00:40:10.700 ch10 (17519.2, 17937.3, 18344.7, 18665, 19007.9, 19349.8)
11 19929.9 00:48:23.200 ch11 (19929.9, 20293.1, 20601.7, 20940.5, 21283.7, 21585.8, 21898.6, 22200.6, 22501.5)
12 22833.1 00:48:05.400 ch12 (22833.1, 23150.2, 23465.5, 23780.9, 24082.5, 24391.3, 24720.1, 25035.6, 25355.5)
13 25718.5 00:44:20.700 ch13 (25718.5, 26045.1, 26376.3, 26789.5, 27090.3, 27400.6, 27837.6)
14 28379.2 00:42:18.700 ch14 (28379.2, 28689.4, 29228.9, 29539, 29853.2, 30195.3, 30517.6)
15 30917.9 00:43:42.400 ch15 (30917.9, 31269.7, 31681.3, 32104.1, 32405.4, 32722.7, 33132.6)
16 33540.3 00:47:48.000 ch16 (33540.3, 33852.5, 34186, 34543.3, 34881.1, 35251.2, 35797.9)
17 36408.3 00:55:32.250 ch17 (36408.3, 36756.1, 37314.9, 37628.4, 38056.1, 38379.4, 38736.4, 39037.9, 39420.9)
