01 0       00:11:44.260 one (0)
02 704.26  00:56:52.350 the_mountains_of_mourning_part1 (704.26, 1129.34, 1576.43, 2078.21, 2499.79, 2933.62, 3342.7, 3660.08)
03 4116.61 00:59:04.640 the_mountains_of_mourning_part2 (4116.61, 4475.22, 4796.87, 5163.41, 5510.59, 5821.74, 6213.97, 6801.96)
04 7661.25 00:55:47.750 the_mountains_of_mourning_part3 (7661.25, 7998.31, 8341.02, 8671.82, 9071.76, 9486.87, 9834.1, 10172.9, 10606.7)
05 11009   00:03:03.200 two (11009)
06 11192.2 01:06:46.600 labyrinth_part1 (11192.2, 11592.9, 11942.3, 12324.7, 12715.6, 13465.1, 13779.7, 14207.3, 14574.1)
07 15198.8 01:08:53.400 labyrinth_part2 (15198.8, 15715.2, 16283.7, 16723, 17097, 17417, 17742.4, 18064.6, 18450.4, 18796.7)
08 19332.2 01:11:05.600 labyrinth_part3 (19332.2, 19680.7, 20271.6, 20596.5, 21197.3, 21535.6, 22004.4, 22374.9, 22682.7, 23044)
09 23597.8 00:01:22.700 three (23597.8)
10 23680.5 00:58:28.500 borders_of_infinity_part1 (23680.5, 23985.7, 24372, 24730.7, 25045.8, 25391.3, 25711.4, 26034.9, 26369.5, 26748.2)
11 27189   00:54:26.900 borders_of_infinity_part2 (27189, 27598.6, 27935.9, 28255.7, 28745.3, 29469.6, 29812.7, 30128.9)
12 30455.9 00:58:42.300 borders_of_infinity_part3 (30455.9, 30978, 31339.3, 31979.5, 32375.6, 32741.6, 33054.1, 33390.9)
13 33978.2 00:05:55.840 four (33978.2)
