01 0       00:43:02.400 ch01 (0, 387.851, 747.381, 1205.14, 1598.47, 1993.02)
02 2582.4  00:35:22.480 ch02 (2582.4, 3046.5, 3385.95, 3855.71, 4277.54)
03 4704.88 00:33:12.690 ch03 (4704.88, 5110.02, 5514.53, 6006.13, 6360.59)
04 6697.57 00:38:07.920 ch04 (6697.57, 7082.71, 7470.41, 7793.31, 8223.88)
05 8985.49 00:32:49.310 ch05 (8985.49, 9345.39, 10436.4)
06 10954.8 00:33:29.300 ch06 (10954.8, 11318.3, 11732.8, 12057.7, 12482)
07 12964.1 00:39:15.200 ch07 (12964.1, 13544.1, 13921, 14318, 14621.9, 14964)
08 15319.3 00:29:36.500 ch08 (15319.3, 15950.1, 16260.1, 16634.9)
09 17095.8 00:39:58.800 ch09 (17095.8, 17509.9, 17984.4, 18378.6, 18943.5)
10 19494.6 00:32:57.900 ch10 (19494.6, 19859.3, 20274.2, 20578.4)
11 21472.5 00:32:55.400 ch11 (21472.5, 21939, 22393.6, 22948.7)
12 23447.9 00:38:05.200 ch12 (23447.9, 23791.8, 24119, 24438.8, 24745.4, 25072.6, 25374.4)
13 25733.1 00:40:57.200 ch13 (25733.1, 26082.7, 26426.4, 26735.7, 27420.6, 27727.7)
14 28190.3 00:48:21.400 ch14 (28190.3, 28514.1, 28817.2, 29144.5, 29559.7, 29963.6, 30320.4)
15 31091.7 00:32:52.700 ch15 (31091.7, 31453.7, 31786.2, 32123.4, 32478.6)
16 33064.4 00:40:50.840 ch16 (33064.4, 33389.1, 33703.9, 34048.5, 34371.5, 34672.6, 35109.1)
