01 0       00:38:14.880 ch01 (0, 795.874, 1390.36, 1744.8)
02 2294.88 00:39:50.770 ch02 (2294.88, 2621.18, 2940.09, 3354.98, 3720.7, 4239.66)
03 4685.65 00:30:01.170 ch03 (4685.65, 4986.12, 5464.93, 5844.81)
04 6486.82 00:39:07.750 ch04 (6486.82, 6834.25, 7150.5, 7537, 7854.99, 8202.78)
05 8834.57 00:25:11.630 ch05 (8834.57, 9315.36, 9674.89, 9997.91)
06 10346.2 00:29:30.600 ch06 (10346.2, 10885.3, 11234.9, 11648.9)
07 12116.8 00:39:30.600 ch07 (12116.8, 12463.8, 12785.9, 13150.3, 13509.2, 13821.6, 14181.1)
08 14487.4 00:28:48.100 ch08 (14487.4, 14820.7, 15124.7, 15444.4, 15784.1)
09 16215.5 00:25:53.600 ch09 (16215.5, 16596.2, 16906.9, 17209)
10 17769.1 00:19:45.000 ch10 (17769.1, 18103.7, 18506.7)
11 18954.1 00:31:34.400 ch11 (18954.1, 19260.6, 19562.3, 19867.8)
12 20848.5 00:32:16.500 ch12 (20848.5, 21190.4, 21855.1, 22188.7)
13 22785   00:39:06.500 ch13 (22785, 23160.9, 23492, 23803.2, 24294.5, 24685.1)
14 25131.5 00:40:44.100 ch14 (25131.5, 25437, 25782.1, 26084.8, 26408.5, 26749.4, 27051.5)
15 27575.6 00:36:04.300 ch15 (27575.6, 27886.8, 28208.2, 28578.5, 28910.3, 29234.9)
16 29739.9 00:26:01.920 aftermaths (29739.9, 30051.2, 30413.7, 30729.3)
