01 0       00:25:16.620 ch01 (0, 347.337, 651.854, 993.565)
02 1516.62 00:30:42.530 ch02 (1516.62, 1943.57, 2354.36, 2806.4)
03 3359.15 00:28:33.470 ch03 (3359.15, 3908.11, 4215.16, 4654.86)
04 5072.62 00:21:29.730 ch04 (5072.62, 5452.34, 5764.82)
05 6362.35 00:48:52.250 ch05 (6362.35, 6881.57, 7219.26, 7531.73, 7874.51, 8235.36, 8568.01, 8882.98)
06 9294.6  00:27:20.400 ch06 (9294.6, 9700.59, 10017.6, 10330.9)
07 10935   00:32:36.200 ch07 (10935, 11235.1, 11539.9, 11842.8, 12205.1, 12581.5)
08 12891.2 00:28:43.000 ch08 (12891.2, 13225, 13544.4, 13868.9, 14221.8)
09 14614.2 00:35:25.900 ch09 (14614.2, 14951.5, 15327.8, 15676.5, 16067.9, 16391)
10 16740.1 00:41:02.000 ch10 (16740.1, 17081.1, 17381.6, 17682, 18004.9, 18402.4)
11 19202.1 00:28:35.400 ch11 (19202.1, 19537.6, 19855.6, 20178, 20486.6)
12 20917.5 00:20:43.800 ch12 (20917.5, 21258.7, 21594.6)
13 22161.3 00:35:07.300 ch13 (22161.3, 22498.5, 22864.4, 23197.3, 23529.3, 23887.2)
14 24268.6 00:41:20.100 ch14 (24268.6, 24626.8, 25096.6, 25460.3, 25839.6, 26200.4)
15 26748.7 00:41:34.900 ch15 (26748.7, 27058.4, 27487.2, 27884.6, 28213.6, 28689.6)
16 29243.6 00:36:17.400 ch16 (29243.6, 29555.4, 29887.1, 30202.2, 30516.5, 30864.5)
17 31421   00:20:33.500 ch17 (31421, 31838.6, 32152.8)
18 32654.5 00:29:24.400 ch18 (32654.5, 33079.2, 33449.7, 33771, 34075.1)
19 34418.9 00:30:37.600 ch19 (34418.9, 34720.1, 35037.3, 35372.6, 35709.8)
20 36256.5 00:16:16.600 ch20 (36256.5, 36601.5)
21 37233.1 00:40:27.300 ch21 (37233.1, 37556.2, 37871.9, 38177.5, 38496.4, 38861.7, 39205)
22 39660.4 00:16:32.450 epilogue (39660.4, 40002.1, 40346.7)
