01 0       01:25:09.760 ch01 (0, 1835.65, 2176.74, 2970.87, 3524.29, 3848.11, 4649.73)
02 5109.76 00:51:35.440 ch02 (5109.76, 5965.54, 6269.73, 6848.37, 7465.16)
03 8205.2  00:57:52.800 ch03 (8205.2, 8661.41, 8985.02)
04 11678   00:38:25.700 ch04 (11678)
05 13983.7 00:37:49.800 ch05 (13983.7, 14422.2, 14947.2, 15380.5)
06 16253.5 00:53:55.600 ch06 (16253.5, 17653.8, 18468.4)
07 19489.1 01:09:13.100 ch07 (19489.1, 20734.2, 21264.1, 21980.3, 22620.4)
08 23642.2 00:46:25.700 ch08 (23642.2, 25224.6, 25558.3, 25892.9)
09 26427.9 01:08:04.300 ch09 (26427.9)
10 30512.2 00:50:58.400 ch10 (30512.2, 30921.8, 31697.9, 32145.6, 32662.1, 33015.2)
11 33570.6 00:43:16.700 ch11 (33570.6)
12 36167.3 01:18:03.600 ch12 (36167.3)
13 40850.9 00:53:05.900 ch13 (40850.9)
14 44036.8 00:49:26.500 ch14 (44036.8, 44488.8, 44799.7, 45399.3, 46084.5)
15 47003.3 00:44:53.200 ch15 (47003.3, 47363.5, 47762.3, 48094.8, 48533.7, 48837.5, 49348.6)
16 49696.5 00:57:34.200 ch16 (49696.5, 50963, 51352.9)
17 53150.7 01:07:17.300 ch17 (53150.7)
18 57188   00:42:55.000 ch18 (57188, 58633.9)
19 59763   01:25:17.200 ch19 (59763, 61333)
20 64880.2 00:47:50.800 epilogue (64880.2)
