01 0       00:37:30.000 ch01 (0, 415.686, 1051.21, 1458.15, 1894.01)
02 2250    00:26:55.160 ch02 (2250, 2865.14, 3242.37)
03 3865.16 00:29:31.350 ch03 (3865.16, 4295.65, 4718.97, 5048.82)
04 5636.51 00:37:28.320 ch04 (5636.51, 5964.91, 6341, 6666.23, 6984.09, 7484.98)
05 7884.83 00:43:30.370 ch05 (7884.83, 8319.04, 8639.65, 9285.24, 9733.37, 10043.1)
06 10495.2 00:33:34.800 ch06 (10495.2, 10984.7, 11304.1, 11729.6, 12063.6)
07 12510   00:40:59.600 ch07 (12510, 12912.2, 13223.2, 13549.5, 13911.2, 14346.7)
08 14969.6 00:31:48.400 ch08 (14969.6, 15491.3, 15856.3, 16183.7, 16509)
09 16878   00:31:25.600 ch09 (16878, 17180.2, 17554, 17985.7)
10 18763.6 00:37:12.400 ch10 (18763.6, 19521.8, 19840.6, 20620.8)
11 20996   00:35:25.600 ch11 (20996, 21316.3, 21938.9, 22276.1, 22605.9)
12 23121.6 00:35:25.700 ch12 (23121.6, 23561.1, 23867.1, 24393, 24755.3)
13 25247.3 00:30:59.600 ch13 (25247.3, 25833.1, 26317.4, 26713.4)
14 27106.9 00:36:40.100 ch14 (27106.9, 27409.3, 27880.3, 28279.6, 28608.9)
15 29307   00:35:16.100 ch15 (29307, 29656.8, 29975.1, 30301, 30604.9)
16 31423.1 00:35:17.600 ch16 (31423.1, 31920.5, 32343.6, 32919.8)
17 33540.7 00:26:36.600 ch17 (33540.7, 33879.2, 34181.9, 34503.9)
18 35137.3 00:41:12.000 ch18 (35137.3, 35789.6, 36345.2, 36656.8, 37107.2)
19 37609.3 00:31:50.300 ch19 (37609.3, 38090.3, 38393.5, 38778.4, 39085.9)
20 39519.6 00:27:42.900 ch20 (39519.6, 40283.7, 40686.9)
21 41182.5 00:14:55.100 epilogue (41182.5, 41678.9)
