01 0       00:30:55.780 ch01 (0, 476.859, 940.63)
02 1855.78 00:40:16.970 ch02 (1855.78, 2166.95, 2939.6, 3260.67, 3801.42)
03 4272.75 00:29:04.050 ch03 (4272.75, 4876.95, 5666.19)
04 6016.8  00:29:37.730 ch04 (6016.8, 6374.72, 6840.41)
05 7794.53 00:31:05.870 ch05 (7794.53, 8200.3, 8658.61, 9010.49)
06 9660.4  00:32:43.100 ch06 (9660.4, 10032.8, 10335, 10637.5, 11125.7)
07 11623.5 00:35:05.900 ch07 (11623.5, 12035, 12454.4, 12801.9, 13224)
08 13729.4 00:33:31.400 ch08 (13729.4, 14496.2, 14806.5, 15176.2)
09 15740.8 00:29:53.000 ch09 (15740.8, 16054.6, 16371.8, 16673.4, 17068.2)
10 17533.8 00:39:48.300 ch10 (17533.8, 17872.5, 18231.7, 18679.7, 19144.9, 19525.9)
11 19922.1 00:36:15.900 ch11 (19922.1, 20375.7, 20727, 21043.6, 21424.2, 21742.1)
12 22098   00:40:09.300 ch12 (22098, 22510.6, 22821.4, 23171.4, 23497.2, 23804.6)
13 24507.3 00:34:05.500 ch13 (24507.3, 24868.5, 25182.9)
14 26552.8 00:42:13.100 ch14 (26552.8, 26925.8, 27457, 27993.9, 28526.6)
15 29085.9 00:37:45.300 ch15 (29085.9, 29541.4, 29892.2, 30218.4, 30519.8, 30831.1)
16 31351.2 00:35:30.880 ch16 (31351.2, 31686.6, 32186.2, 32690.5, 33133.9)
