01 0       00:51:21.690 ch01 (0, 332.468, 702.379, 1013.08, 1314.74, 1630.79, 1932.1, 2239.31, 2556.2)
02 3081.69 00:50:29.450 ch02 (3081.69, 3474.9, 3855.32, 4164.55, 4466.68, 4840.29, 5144.87, 5664.56)
03 6111.14 00:58:40.710 ch03 (6111.14, 6470.69, 6883.01, 7239.06, 7555.35, 7950.31, 8277.67, 8595.84, 8990.59, 9302.33)
04 9631.85 00:43:01.450 ch04 (9631.85, 9950.25, 10260.9, 10576.6, 10940.4, 11248.9, 11622.4)
05 12213.3 00:42:24.300 ch05 (12213.3, 12535.3, 12841.6, 13209.6, 13543.8, 13868.5, 14197)
06 14757.6 00:38:21.100 ch06 (14757.6, 15153.9, 15512.5, 15822.7, 16133.3, 16558.4)
07 17058.7 00:37:37.000 ch07 (17058.7, 17549.5, 17864.9, 18176.4, 18508.4, 18916.6)
08 19315.7 00:40:16.200 ch08 (19315.7, 19623.8, 19946.8, 20323.5, 20711, 21042.4)
09 21731.9 00:39:39.800 ch09 (21731.9, 22099.1, 22405.1, 22706, 23051.9, 23468.1, 23797.7)
10 24111.7 00:45:19.300 ch10 (24111.7, 24641.3, 24996.6, 25461.9, 25815.3, 26154.6, 26459.9)
11 26831   00:44:10.300 ch11 (26831, 27276.1, 27577.3, 27968.9, 28437, 28748.9, 29081.8)
12 29481.3 00:56:34.500 ch12 (29481.3, 29781.3, 30082.8, 30484.2, 30806.2, 31192.1, 31504.9, 31815.9, 32136.9, 32495.4)
13 32875.8 00:37:05.700 ch13 (32875.8, 33253, 33560.7, 33892.5, 34192.6, 34532.1)
14 35101.5 00:37:59.600 ch14 (35101.5, 35486.5, 35796.4, 36098.2, 36452.1, 36797.3)
15 37381.1 00:59:28.800 ch15 (37381.1, 37715.1, 38086.1, 38491.3, 38852.4, 39225.9, 39614.3, 40044.5, 40350.4)
16 40949.9 00:29:11.100 ch16 (40949.9, 41281.2, 41624, 41952.6, 42254.9)
17 42701   00:30:25.400 ch17 (42701, 43031.8, 43346.2, 43664.1, 43966.4)
18 44526.4 00:18:40.830 epilogue (44526.4, 44830, 45189)
