01 0       00:45:39.010 ch01 (0, 426.458, 838.994, 1194.54, 1813.51, 2214.27)
02 2739.01 00:39:17.690 ch02 (2739.01, 3212.2, 3608.41, 3937.37, 4277.46, 4609.89)
03 5096.7  00:31:32.510 ch03 (5096.7)
04 6989.21 00:31:11.740 ch04 (6989.21, 7617.34, 7954.23, 8389.96)
05 8860.95 00:42:54.750 ch05 (8860.95, 9483.86, 9816.45, 10698.8)
06 11435.7 00:38:52.600 ch06 (11435.7, 11737.6, 12191.6, 12552.2, 13223.3)
07 13768.3 00:36:13.600 ch07 (13768.3, 14426.3, 15053.3)
08 15941.9 00:29:18.000 ch08 (15941.9, 16285.2, 17088.4)
09 17699.9 00:40:54.300 ch09 (17699.9, 18104.9, 18491.5, 18821, 19479.4)
10 20154.2 00:33:51.500 ch10 (20154.2, 20498.8, 20824, 21161.3, 21470.7, 21788.5)
11 22185.7 00:28:05.000 ch11 (22185.7, 22510.3, 22884.6, 23192.3, 23494)
12 23870.7 00:34:04.000 ch12 (23870.7, 24339.3, 24680.7, 25096, 25481.1)
13 25914.7 00:32:14.100 ch13 (25914.7, 26244.9, 26553.4, 26939.3)
14 27848.8 00:37:06.800 ch14 (27848.8, 28209.5, 28558.8, 28887.5, 29390.6, 29691.3)
15 30075.6 00:41:58.000 ch15 (30075.6, 30526.8, 30902.2, 31305.8, 31764.1)
16 32593.6 00:34:33.500 ch16 (32593.6, 32928.5, 33262.6, 33762.5, 34076.4)
17 34667.1 00:49:46.800 ch17 (34667.1, 35044.3, 35466.8, 35994.4, 36336, 36643.6, 37022.9, 37349.5)
18 37653.9 00:49:54.100 ch18 (37653.9, 37961.7, 38275.9, 38576, 39186.4, 39532.9, 39837.5)
19 40648   00:34:49.200 ch19 (40648, 41110.6, 41421.9, 41860.7, 42291.9)
20 42737.2 00:25:37.400 ch20 (42737.2, 43205.4, 43620.2)
21 44274.6 00:25:20.000 ch21 (44274.6, 44619.6, 45466.8)
22 45794.6 00:36:46.600 ch22 (45794.6, 46161.3, 46713.1, 47023.1, 47399.7)
23 48001.2 00:51:47.800 ch23 (48001.2, 48318.2, 48618.9, 48943, 49613.6, 49939, 50769.5)
24 51109   00:20:28.400 ch24 (51109, 51439.3, 51777.8)
25 52337.4 00:19:41.500 ch25 (52337.4, 52681.3, 53167.7)
26 53518.9 00:02:34.500 ch26 (53518.9)
27 53673.4 00:30:54.300 ch27 (53673.4, 54020.2, 54539, 54861.5, 55175.6)
28 55527.7 00:27:43.900 ch28 (55527.7, 55851.5, 56227.7, 56537.4)
29 57191.6 00:35:56.900 ch29 (57191.6, 57945.7, 58308, 58688.4)
30 59348.5 00:36:25.100 ch30 (59348.5, 59704, 60024.1, 60397, 60808.9)
31 61533.6 00:23:42.500 ch31 (61533.6, 61902.2)
32 62956.1 00:19:01.600 ch32 (62956.1, 63444.6)
33 64097.7 00:18:41.380 ch33 (64097.7, 64556.8, 64888.5)
