01 0       00:36:02.650 ch01 (0, 347.046, 778.982, 1194.05, 1545.82, 1861.39)
02 2162.65 00:31:45.560 ch02 (2162.65, 3372.6)
03 4068.21 00:34:51.030 ch03 (4068.21, 4653.46, 4983.52, 5343.57, 5732.82)
04 6159.24 00:32:14.780 ch04 (6159.24, 6487.9, 7081.08, 7382.54)
05 8094.02 00:31:02.200 ch05 (8094.02, 8534.06, 8854.27, 9411.39)
06 9956.22 00:29:14.780 ch06 (9956.22, 10305, 10615, 10930.3, 11400.1)
07 11711   00:28:37.200 ch07 (11711, 12044.2, 12637.9)
08 13428.2 00:29:41.900 ch08 (13428.2, 13880.8, 14269.4, 14887.5)
09 15210.1 00:36:28.700 ch09 (15210.1, 15707, 16035.5, 16618.7, 17023.7)
10 17398.8 00:30:47.200 ch10 (17398.8, 17754.1, 18097.6, 18501.7, 18842.8)
11 19246   00:26:08.800 ch11 (19246, 19733.5, 20076, 20387.7)
12 20814.8 00:27:38.200 ch12 (20814.8, 21148.3, 21551.2, 21887.9)
13 22473   00:37:01.400 ch13 (22473, 22886.8, 23187.9, 23499.2, 23809.1)
14 24694.4 00:37:41.700 ch14 (24694.4, 25147.9, 25526.2, 26074.8, 26604.3)
15 26956.1 00:27:50.000 ch15 (26956.1, 27301.1, 27606.2)
16 28626.1 00:33:30.500 ch16 (28626.1, 28985, 29415.6, 30111.9)
17 30636.6 00:30:22.400 ch17 (30636.6, 31187.7, 31516.4, 31949.6)
18 32459   00:24:07.700 ch18 (32459, 32859, 33234.9)
19 33906.7 00:37:31.900 ch19 (33906.7, 34597.9, 34955.6, 35255.7, 35561.8)
20 36158.6 00:26:27.700 ch20 (36158.6, 36516.9, 36845.6, 37223.3)
21 37746.3 00:04:54.070 ch21 (37746.3)
